[EXPAND] z:15 [1]
[EXPAND] z:16 [2]
[EXPAND] z:17 [3]
[EXPAND] z:18 [4]
[EXPAND] z:19 [5]
[EXPAND] z:20 [6]
[EXPAND] z:21 [7]
[EXPAND] z:22 [8]
[EXPAND] z:23 [9]
[EXPAND] z:601 [9, 1]
[EXPAND] z:602 [9, 2]
[EXPAND] z:603 [9, 3]
[EXPAND] z:604 [9, 4]
[EXPAND] z:605 [9, 5]
[EXPAND] z:606 [9, 6]
[EXPAND] z:607 [9, 7]
[EXPAND] z:608 [9, 8]
[EXPAND] z:609 [9, 9]
[EXPAND] z:598 [9, 9, 4]
[EXPAND] z:599 [9, 9, 4]
[EXPAND] z:600 [9, 9, 4]
[EXPAND] z:601 [9, 9, 4]
[EXPAND] z:602 [9, 9, 4]
[EXPAND] z:603 [9, 9, 4]
[EXPAND] z:604 [9, 9, 4]
[EXPAND] z:606 [9, 9, 4]
[EXPAND] z:607 [9, 9, 4]
[EXPAND] z:608 [9, 9, 4]
[EXPAND] z:609 [9, 9, 4]
[EXPAND] z:610 [9, 9, 4]
[EXPAND] z:611 [9, 9, 4]
[EXPAND] z:612 [9, 9, 4]
[EXPAND] z:613 [9, 9, 4]
[EXPAND] z:614 [9, 9, 4]
[EXPAND] z:615 [9, 9, 4]
[EXPAND] z:616 [9, 9, 4]
[EXPAND] z:617 [9, 9, 4]
[EXPAND] z:618 [9, 9, 4]
[EXPAND] z:619 [9, 9, 4]
[EXPAND] z:620 [9, 9, 4]
[EXPAND] z:621 [9, 9, 4]
[EXPAND] z:622 [9, 9, 4]
[EXPAND] z:623 [9, 9, 4]
[EXPAND] z:15838 [9, 9, 1]
[EXPAND] z:15839 [9, 9, 2]
[EXPAND] z:15840 [9, 9, 3]
[EXPAND] z:15841 [9, 9, 4]
[EXPAND] z:15842 [9, 9, 5]
[EXPAND] z:15843 [9, 9, 6]
[EXPAND] z:15844 [9, 9, 7]
[EXPAND] z:15845 [9, 9, 8]
[EXPAND] z:15846 [9, 9, 9]
[EXPAND] z:15834 [9, 9, 9, 6]
[EXPAND] z:15835 [9, 9, 9, 6]
[EXPAND] z:15836 [9, 9, 9, 6]
[EXPAND] z:15837 [9, 9, 9, 6]
[EXPAND] z:15838 [9, 9, 9, 6]
[EXPAND] z:15839 [9, 9, 9, 6]
[EXPAND] z:15840 [9, 9, 9, 6]
[EXPAND] z:15841 [9, 9, 9, 6]
[EXPAND] z:15842 [9, 9, 9, 6]
[EXPAND] z:15843 [9, 9, 9, 6]
[EXPAND] z:15844 [9, 9, 9, 6]
[EXPAND] z:15845 [9, 9, 9, 6]
[EXPAND] z:15846 [9, 9, 9, 6]
[EXPAND] z:15847 [9, 9, 9, 6]
[EXPAND] z:15848 [9, 9, 9, 6]
[EXPAND] z:15849 [9, 9, 9, 6]
[EXPAND] z:15850 [9, 9, 9, 6]
[EXPAND] z:15851 [9, 9, 9, 6]
[EXPAND] z:15852 [9, 9, 9, 6]
[EXPAND] z:15853 [9, 9, 9, 6]
[EXPAND] z:15855 [9, 9, 9, 6]
[EXPAND] z:15856 [9, 9, 9, 6]
[EXPAND] z:15857 [9, 9, 9, 6]
[EXPAND] z:15858 [9, 9, 9, 6]
[EXPAND] z:15859 [9, 9, 9, 6]
[EXPAND] z:412011 [9, 9, 9, 1]
[EXPAND] z:412012 [9, 9, 9, 2]
[EXPAND] z:412013 [9, 9, 9, 3]
[EXPAND] z:412014 [9, 9, 9, 4]
[EXPAND] z:412015 [9, 9, 9, 5]
[EXPAND] z:412016 [9, 9, 9, 6]
[EXPAND] z:412017 [9, 9, 9, 7]
[EXPAND] z:412018 [9, 9, 9, 8]
[EXPAND] z:412019 [9, 9, 9, 9]
[EXPAND] z:15846 [9, 9, 9, 8, 9]
[EXPAND] z:609 [9, 9, 9, 8, 9, 6]
[EXPAND] z:598 [9, 9, 9, 8, 9, 6, 6]
[EXPAND] z:599 [9, 9, 9, 8, 9, 6, 6]
[EXPAND] z:600 [9, 9, 9, 8, 9, 6, 6]
[EXPAND] z:601 [9, 9, 9, 8, 9, 6, 6]
[EXPAND] z:602 [9, 9, 9, 8, 9, 6, 6]
[EXPAND] z:603 [9, 9, 9, 8, 9, 6, 6]
[EXPAND] z:604 [9, 9, 9, 8, 9, 6, 6]
[EXPAND] z:605 [9, 9, 9, 8, 9, 6, 6]
[EXPAND] z:606 [9, 9, 9, 8, 9, 6, 6]
[EXPAND] z:607 [9, 9, 9, 8, 9, 6, 6]
[EXPAND] z:608 [9, 9, 9, 8, 9, 6, 6]
[EXPAND] z:609 [9, 9, 9, 8, 9, 6, 6]
[EXPAND] z:610 [9, 9, 9, 8, 9, 6, 6]
[EXPAND] z:611 [9, 9, 9, 8, 9, 6, 6]
[EXPAND] z:612 [9, 9, 9, 8, 9, 6, 6]
[EXPAND] z:614 [9, 9, 9, 8, 9, 6, 6]
[EXPAND] z:615 [9, 9, 9, 8, 9, 6, 6]
[EXPAND] z:616 [9, 9, 9, 8, 9, 6, 6]
[EXPAND] z:617 [9, 9, 9, 8, 9, 6, 6]
[EXPAND] z:618 [9, 9, 9, 8, 9, 6, 6]
[EXPAND] z:619 [9, 9, 9, 8, 9, 6, 6]
[EXPAND] z:620 [9, 9, 9, 8, 9, 6, 6]
[EXPAND] z:621 [9, 9, 9, 8, 9, 6, 6]
[EXPAND] z:622 [9, 9, 9, 8, 9, 6, 6]
[EXPAND] z:623 [9, 9, 9, 8, 9, 6, 6]
[EXPAND] z:15844 [9, 9, 9, 8, 9, 6, 1]
[EXPAND] z:15845 [9, 9, 9, 8, 9, 6, 2]
[EXPAND] z:15846 [9, 9, 9, 8, 9, 6, 3]
[EXPAND] z:15847 [9, 9, 9, 8, 9, 6, 4]
[EXPAND] z:15848 [9, 9, 9, 8, 9, 6, 5]
[EXPAND] z:15849 [9, 9, 9, 8, 9, 6, 6]
[EXPAND] z:15850 [9, 9, 9, 8, 9, 6, 7]
[EXPAND] z:15851 [9, 9, 9, 8, 9, 6, 8]
[EXPAND] z:15852 [9, 9, 9, 8, 9, 6, 9]
[EXPAND] z:609 [9, 9, 9, 8, 9, 6, 9, 2]
[EXPAND] z:15848 [9, 9, 9, 8, 9, 6, 9, 2, 1]
[EXPAND] z:15849 [9, 9, 9, 8, 9, 6, 9, 2, 2]
[EXPAND] z:15850 [9, 9, 9, 8, 9, 6, 9, 2, 3]
[EXPAND] z:15851 [9, 9, 9, 8, 9, 6, 9, 2, 4]
[EXPAND] z:15852 [9, 9, 9, 8, 9, 6, 9, 2, 5]
[EXPAND] z:15853 [9, 9, 9, 8, 9, 6, 9, 2, 6]
[EXPAND] z:15854 [9, 9, 9, 8, 9, 6, 9, 2, 7]
[EXPAND] z:15855 [9, 9, 9, 8, 9, 6, 9, 2, 8]
[EXPAND] z:15856 [9, 9, 9, 8, 9, 6, 9, 2, 9]
[EXPAND] z:609 [9, 9, 9, 8, 9, 6, 9, 2, 6, 9]
[EXPAND] z:598 [9, 9, 9, 8, 9, 6, 9, 2, 6, 9, 7]
[EXPAND] z:599 [9, 9, 9, 8, 9, 6, 9, 2, 6, 9, 7]
[EXPAND] z:600 [9, 9, 9, 8, 9, 6, 9, 2, 6, 9, 7]
[EXPAND] z:601 [9, 9, 9, 8, 9, 6, 9, 2, 6, 9, 7]
[EXPAND] z:602 [9, 9, 9, 8, 9, 6, 9, 2, 6, 9, 7]
[EXPAND] z:603 [9, 9, 9, 8, 9, 6, 9, 2, 6, 9, 7]
[EXPAND] z:604 [9, 9, 9, 8, 9, 6, 9, 2, 6, 9, 7]
[EXPAND] z:606 [9, 9, 9, 8, 9, 6, 9, 2, 6, 9, 7]
[EXPAND] z:607 [9, 9, 9, 8, 9, 6, 9, 2, 6, 9, 7]
[EXPAND] z:608 [9, 9, 9, 8, 9, 6, 9, 2, 6, 9, 7]
[EXPAND] z:609 [9, 9, 9, 8, 9, 6, 9, 2, 6, 9, 7]
[EXPAND] z:610 [9, 9, 9, 8, 9, 6, 9, 2, 6, 9, 7]
[EXPAND] z:611 [9, 9, 9, 8, 9, 6, 9, 2, 6, 9, 7]
[EXPAND] z:612 [9, 9, 9, 8, 9, 6, 9, 2, 6, 9, 7]
[EXPAND] z:613 [9, 9, 9, 8, 9, 6, 9, 2, 6, 9, 7]
[EXPAND] z:614 [9, 9, 9, 8, 9, 6, 9, 2, 6, 9, 7]
[EXPAND] z:615 [9, 9, 9, 8, 9, 6, 9, 2, 6, 9, 7]
[EXPAND] z:616 [9, 9, 9, 8, 9, 6, 9, 2, 6, 9, 7]
[EXPAND] z:617 [9, 9, 9, 8, 9, 6, 9, 2, 6, 9, 7]
[EXPAND] z:618 [9, 9, 9, 8, 9, 6, 9, 2, 6, 9, 7]
[EXPAND] z:619 [9, 9, 9, 8, 9, 6, 9, 2, 6, 9, 7]
[EXPAND] z:620 [9, 9, 9, 8, 9, 6, 9, 2, 6, 9, 7]
[EXPAND] z:621 [9, 9, 9, 8, 9, 6, 9, 2, 6, 9, 7]
[EXPAND] z:622 [9, 9, 9, 8, 9, 6, 9, 2, 6, 9, 7]
[EXPAND] z:623 [9, 9, 9, 8, 9, 6, 9, 2, 6, 9, 7]
[EXPAND] z:15835 [9, 9, 9, 8, 9, 6, 9, 2, 6, 9, 1]
[EXPAND] z:15836 [9, 9, 9, 8, 9, 6, 9, 2, 6, 9, 2]
[EXPAND] z:15837 [9, 9, 9, 8, 9, 6, 9, 2, 6, 9, 3]
[EXPAND] z:15838 [9, 9, 9, 8, 9, 6, 9, 2, 6, 9, 4]
[EXPAND] z:15839 [9, 9, 9, 8, 9, 6, 9, 2, 6, 9, 5]
[EXPAND] z:15840 [9, 9, 9, 8, 9, 6, 9, 2, 6, 9, 6]
[EXPAND] z:15841 [9, 9, 9, 8, 9, 6, 9, 2, 6, 9, 7]
[EXPAND] z:15842 [9, 9, 9, 8, 9, 6, 9, 2, 6, 9, 8]
[EXPAND] z:15843 [9, 9, 9, 8, 9, 6, 9, 2, 6, 9, 9]
[EXPAND] z:609 [9, 9, 9, 8, 9, 6, 9, 2, 6, 9, 9, 4]
[EXPAND] z:23 [9, 9, 9, 8, 9, 6, 9, 2, 6, 9, 9, 4, 3]
[RESULT] z:0 [9, 9, 9, 8, 9, 6, 9, 2, 6, 9, 9, 4, 3, 9]
[EXPAND] z:609 [9, 9, 9, 8, 9, 6, 9, 2, 6, 9, 8, 3]
[EXPAND] z:23 [9, 9, 9, 8, 9, 6, 9, 2, 6, 9, 8, 3, 3]
[RESULT] z:0 [9, 9, 9, 8, 9, 6, 9, 2, 6, 9, 8, 3, 3, 9]
[EXPAND] z:609 [9, 9, 9, 8, 9, 6, 9, 2, 6, 9, 7, 2]
[EXPAND] z:23 [9, 9, 9, 8, 9, 6, 9, 2, 6, 9, 7, 2, 3]
[RESULT] z:0 [9, 9, 9, 8, 9, 6, 9, 2, 6, 9, 7, 2, 3, 9]
[EXPAND] z:609 [9, 9, 9, 8, 9, 6, 9, 2, 6, 9, 6, 1]
[EXPAND] z:23 [9, 9, 9, 8, 9, 6, 9, 2, 6, 9, 6, 1, 3]
[RESULT] z:0 [9, 9, 9, 8, 9, 6, 9, 2, 6, 9, 6, 1, 3, 9]
[EXPAND] z:23 [9, 9, 9, 8, 9, 6, 9, 2, 6, 9, 7, 9]
[EXPAND] z:23 [9, 9, 9, 8, 9, 6, 9, 2, 6, 9, 7, 8]
[EXPAND] z:23 [9, 9, 9, 8, 9, 6, 9, 2, 6, 9, 7, 7]
[EXPAND] z:23 [9, 9, 9, 8, 9, 6, 9, 2, 6, 9, 7, 6]
[EXPAND] z:23 [9, 9, 9, 8, 9, 6, 9, 2, 6, 9, 7, 5]
[EXPAND] z:23 [9, 9, 9, 8, 9, 6, 9, 2, 6, 9, 7, 4]
[EXPAND] z:23 [9, 9, 9, 8, 9, 6, 9, 2, 6, 9, 7, 3]
[EXPAND] z:23 [9, 9, 9, 8, 9, 6, 9, 2, 6, 9, 7, 1]
[EXPAND] z:609 [9, 9, 9, 8, 9, 6, 9, 2, 5, 8]
[EXPAND] z:598 [9, 9, 9, 8, 9, 6, 9, 2, 5, 8, 7]
[EXPAND] z:599 [9, 9, 9, 8, 9, 6, 9, 2, 5, 8, 7]
[EXPAND] z:600 [9, 9, 9, 8, 9, 6, 9, 2, 5, 8, 7]
[EXPAND] z:601 [9, 9, 9, 8, 9, 6, 9, 2, 5, 8, 7]
[EXPAND] z:602 [9, 9, 9, 8, 9, 6, 9, 2, 5, 8, 7]
[EXPAND] z:603 [9, 9, 9, 8, 9, 6, 9, 2, 5, 8, 7]
[EXPAND] z:604 [9, 9, 9, 8, 9, 6, 9, 2, 5, 8, 7]
[EXPAND] z:606 [9, 9, 9, 8, 9, 6, 9, 2, 5, 8, 7]
[EXPAND] z:607 [9, 9, 9, 8, 9, 6, 9, 2, 5, 8, 7]
[EXPAND] z:608 [9, 9, 9, 8, 9, 6, 9, 2, 5, 8, 7]
[EXPAND] z:609 [9, 9, 9, 8, 9, 6, 9, 2, 5, 8, 7]
[EXPAND] z:610 [9, 9, 9, 8, 9, 6, 9, 2, 5, 8, 7]
[EXPAND] z:611 [9, 9, 9, 8, 9, 6, 9, 2, 5, 8, 7]
[EXPAND] z:612 [9, 9, 9, 8, 9, 6, 9, 2, 5, 8, 7]
[EXPAND] z:613 [9, 9, 9, 8, 9, 6, 9, 2, 5, 8, 7]
[EXPAND] z:614 [9, 9, 9, 8, 9, 6, 9, 2, 5, 8, 7]
[EXPAND] z:615 [9, 9, 9, 8, 9, 6, 9, 2, 5, 8, 7]
[EXPAND] z:616 [9, 9, 9, 8, 9, 6, 9, 2, 5, 8, 7]
[EXPAND] z:617 [9, 9, 9, 8, 9, 6, 9, 2, 5, 8, 7]
[EXPAND] z:618 [9, 9, 9, 8, 9, 6, 9, 2, 5, 8, 7]
[EXPAND] z:619 [9, 9, 9, 8, 9, 6, 9, 2, 5, 8, 7]
[EXPAND] z:620 [9, 9, 9, 8, 9, 6, 9, 2, 5, 8, 7]
[EXPAND] z:621 [9, 9, 9, 8, 9, 6, 9, 2, 5, 8, 7]
[EXPAND] z:622 [9, 9, 9, 8, 9, 6, 9, 2, 5, 8, 7]
[EXPAND] z:623 [9, 9, 9, 8, 9, 6, 9, 2, 5, 8, 7]
[EXPAND] z:15835 [9, 9, 9, 8, 9, 6, 9, 2, 5, 8, 1]
[EXPAND] z:15836 [9, 9, 9, 8, 9, 6, 9, 2, 5, 8, 2]
[EXPAND] z:15837 [9, 9, 9, 8, 9, 6, 9, 2, 5, 8, 3]
[EXPAND] z:15838 [9, 9, 9, 8, 9, 6, 9, 2, 5, 8, 4]
[EXPAND] z:15839 [9, 9, 9, 8, 9, 6, 9, 2, 5, 8, 5]
[EXPAND] z:15840 [9, 9, 9, 8, 9, 6, 9, 2, 5, 8, 6]
[EXPAND] z:15841 [9, 9, 9, 8, 9, 6, 9, 2, 5, 8, 7]
[EXPAND] z:15842 [9, 9, 9, 8, 9, 6, 9, 2, 5, 8, 8]
[EXPAND] z:15843 [9, 9, 9, 8, 9, 6, 9, 2, 5, 8, 9]
[EXPAND] z:609 [9, 9, 9, 8, 9, 6, 9, 2, 5, 8, 9, 4]
[EXPAND] z:23 [9, 9, 9, 8, 9, 6, 9, 2, 5, 8, 9, 4, 3]
[RESULT] z:0 [9, 9, 9, 8, 9, 6, 9, 2, 5, 8, 9, 4, 3, 9]
[EXPAND] z:609 [9, 9, 9, 8, 9, 6, 9, 2, 5, 8, 8, 3]
[EXPAND] z:23 [9, 9, 9, 8, 9, 6, 9, 2, 5, 8, 8, 3, 3]
[RESULT] z:0 [9, 9, 9, 8, 9, 6, 9, 2, 5, 8, 8, 3, 3, 9]
[EXPAND] z:609 [9, 9, 9, 8, 9, 6, 9, 2, 5, 8, 7, 2]
[EXPAND] z:23 [9, 9, 9, 8, 9, 6, 9, 2, 5, 8, 7, 2, 3]
[RESULT] z:0 [9, 9, 9, 8, 9, 6, 9, 2, 5, 8, 7, 2, 3, 9]
[EXPAND] z:609 [9, 9, 9, 8, 9, 6, 9, 2, 5, 8, 6, 1]
[EXPAND] z:23 [9, 9, 9, 8, 9, 6, 9, 2, 5, 8, 6, 1, 3]
[RESULT] z:0 [9, 9, 9, 8, 9, 6, 9, 2, 5, 8, 6, 1, 3, 9]
[EXPAND] z:23 [9, 9, 9, 8, 9, 6, 9, 2, 5, 8, 7, 9]
[EXPAND] z:23 [9, 9, 9, 8, 9, 6, 9, 2, 5, 8, 7, 8]
[EXPAND] z:23 [9, 9, 9, 8, 9, 6, 9, 2, 5, 8, 7, 7]
[EXPAND] z:23 [9, 9, 9, 8, 9, 6, 9, 2, 5, 8, 7, 6]
[EXPAND] z:23 [9, 9, 9, 8, 9, 6, 9, 2, 5, 8, 7, 5]
[EXPAND] z:23 [9, 9, 9, 8, 9, 6, 9, 2, 5, 8, 7, 4]
[EXPAND] z:23 [9, 9, 9, 8, 9, 6, 9, 2, 5, 8, 7, 3]
[EXPAND] z:23 [9, 9, 9, 8, 9, 6, 9, 2, 5, 8, 7, 1]
[EXPAND] z:609 [9, 9, 9, 8, 9, 6, 9, 2, 4, 7]
[EXPAND] z:598 [9, 9, 9, 8, 9, 6, 9, 2, 4, 7, 7]
[EXPAND] z:599 [9, 9, 9, 8, 9, 6, 9, 2, 4, 7, 7]
[EXPAND] z:600 [9, 9, 9, 8, 9, 6, 9, 2, 4, 7, 7]
[EXPAND] z:601 [9, 9, 9, 8, 9, 6, 9, 2, 4, 7, 7]
[EXPAND] z:602 [9, 9, 9, 8, 9, 6, 9, 2, 4, 7, 7]
[EXPAND] z:603 [9, 9, 9, 8, 9, 6, 9, 2, 4, 7, 7]
[EXPAND] z:604 [9, 9, 9, 8, 9, 6, 9, 2, 4, 7, 7]
[EXPAND] z:606 [9, 9, 9, 8, 9, 6, 9, 2, 4, 7, 7]
[EXPAND] z:607 [9, 9, 9, 8, 9, 6, 9, 2, 4, 7, 7]
[EXPAND] z:608 [9, 9, 9, 8, 9, 6, 9, 2, 4, 7, 7]
[EXPAND] z:609 [9, 9, 9, 8, 9, 6, 9, 2, 4, 7, 7]
[EXPAND] z:610 [9, 9, 9, 8, 9, 6, 9, 2, 4, 7, 7]
[EXPAND] z:611 [9, 9, 9, 8, 9, 6, 9, 2, 4, 7, 7]
[EXPAND] z:612 [9, 9, 9, 8, 9, 6, 9, 2, 4, 7, 7]
[EXPAND] z:613 [9, 9, 9, 8, 9, 6, 9, 2, 4, 7, 7]
[EXPAND] z:614 [9, 9, 9, 8, 9, 6, 9, 2, 4, 7, 7]
[EXPAND] z:615 [9, 9, 9, 8, 9, 6, 9, 2, 4, 7, 7]
[EXPAND] z:616 [9, 9, 9, 8, 9, 6, 9, 2, 4, 7, 7]
[EXPAND] z:617 [9, 9, 9, 8, 9, 6, 9, 2, 4, 7, 7]
[EXPAND] z:618 [9, 9, 9, 8, 9, 6, 9, 2, 4, 7, 7]
[EXPAND] z:619 [9, 9, 9, 8, 9, 6, 9, 2, 4, 7, 7]
[EXPAND] z:620 [9, 9, 9, 8, 9, 6, 9, 2, 4, 7, 7]
[EXPAND] z:621 [9, 9, 9, 8, 9, 6, 9, 2, 4, 7, 7]
[EXPAND] z:622 [9, 9, 9, 8, 9, 6, 9, 2, 4, 7, 7]
[EXPAND] z:623 [9, 9, 9, 8, 9, 6, 9, 2, 4, 7, 7]
[EXPAND] z:15835 [9, 9, 9, 8, 9, 6, 9, 2, 4, 7, 1]
[EXPAND] z:15836 [9, 9, 9, 8, 9, 6, 9, 2, 4, 7, 2]
[EXPAND] z:15837 [9, 9, 9, 8, 9, 6, 9, 2, 4, 7, 3]
[EXPAND] z:15838 [9, 9, 9, 8, 9, 6, 9, 2, 4, 7, 4]
[EXPAND] z:15839 [9, 9, 9, 8, 9, 6, 9, 2, 4, 7, 5]
[EXPAND] z:15840 [9, 9, 9, 8, 9, 6, 9, 2, 4, 7, 6]
[EXPAND] z:15841 [9, 9, 9, 8, 9, 6, 9, 2, 4, 7, 7]
[EXPAND] z:15842 [9, 9, 9, 8, 9, 6, 9, 2, 4, 7, 8]
[EXPAND] z:15843 [9, 9, 9, 8, 9, 6, 9, 2, 4, 7, 9]
[EXPAND] z:609 [9, 9, 9, 8, 9, 6, 9, 2, 4, 7, 9, 4]
[EXPAND] z:23 [9, 9, 9, 8, 9, 6, 9, 2, 4, 7, 9, 4, 3]
[RESULT] z:0 [9, 9, 9, 8, 9, 6, 9, 2, 4, 7, 9, 4, 3, 9]
[EXPAND] z:609 [9, 9, 9, 8, 9, 6, 9, 2, 4, 7, 8, 3]
[EXPAND] z:23 [9, 9, 9, 8, 9, 6, 9, 2, 4, 7, 8, 3, 3]
[RESULT] z:0 [9, 9, 9, 8, 9, 6, 9, 2, 4, 7, 8, 3, 3, 9]
[EXPAND] z:609 [9, 9, 9, 8, 9, 6, 9, 2, 4, 7, 7, 2]
[EXPAND] z:23 [9, 9, 9, 8, 9, 6, 9, 2, 4, 7, 7, 2, 3]
[RESULT] z:0 [9, 9, 9, 8, 9, 6, 9, 2, 4, 7, 7, 2, 3, 9]
[EXPAND] z:609 [9, 9, 9, 8, 9, 6, 9, 2, 4, 7, 6, 1]
[EXPAND] z:23 [9, 9, 9, 8, 9, 6, 9, 2, 4, 7, 6, 1, 3]
[RESULT] z:0 [9, 9, 9, 8, 9, 6, 9, 2, 4, 7, 6, 1, 3, 9]
[EXPAND] z:23 [9, 9, 9, 8, 9, 6, 9, 2, 4, 7, 7, 9]
[EXPAND] z:23 [9, 9, 9, 8, 9, 6, 9, 2, 4, 7, 7, 8]
[EXPAND] z:23 [9, 9, 9, 8, 9, 6, 9, 2, 4, 7, 7, 7]
[EXPAND] z:23 [9, 9, 9, 8, 9, 6, 9, 2, 4, 7, 7, 6]
[EXPAND] z:23 [9, 9, 9, 8, 9, 6, 9, 2, 4, 7, 7, 5]
[EXPAND] z:23 [9, 9, 9, 8, 9, 6, 9, 2, 4, 7, 7, 4]
[EXPAND] z:23 [9, 9, 9, 8, 9, 6, 9, 2, 4, 7, 7, 3]
[EXPAND] z:23 [9, 9, 9, 8, 9, 6, 9, 2, 4, 7, 7, 1]
[EXPAND] z:609 [9, 9, 9, 8, 9, 6, 9, 2, 3, 6]
[EXPAND] z:598 [9, 9, 9, 8, 9, 6, 9, 2, 3, 6, 7]
[EXPAND] z:599 [9, 9, 9, 8, 9, 6, 9, 2, 3, 6, 7]
[EXPAND] z:600 [9, 9, 9, 8, 9, 6, 9, 2, 3, 6, 7]
[EXPAND] z:601 [9, 9, 9, 8, 9, 6, 9, 2, 3, 6, 7]
[EXPAND] z:602 [9, 9, 9, 8, 9, 6, 9, 2, 3, 6, 7]
[EXPAND] z:603 [9, 9, 9, 8, 9, 6, 9, 2, 3, 6, 7]
[EXPAND] z:604 [9, 9, 9, 8, 9, 6, 9, 2, 3, 6, 7]
[EXPAND] z:606 [9, 9, 9, 8, 9, 6, 9, 2, 3, 6, 7]
[EXPAND] z:607 [9, 9, 9, 8, 9, 6, 9, 2, 3, 6, 7]
[EXPAND] z:608 [9, 9, 9, 8, 9, 6, 9, 2, 3, 6, 7]
[EXPAND] z:609 [9, 9, 9, 8, 9, 6, 9, 2, 3, 6, 7]
[EXPAND] z:610 [9, 9, 9, 8, 9, 6, 9, 2, 3, 6, 7]
[EXPAND] z:611 [9, 9, 9, 8, 9, 6, 9, 2, 3, 6, 7]
[EXPAND] z:612 [9, 9, 9, 8, 9, 6, 9, 2, 3, 6, 7]
[EXPAND] z:613 [9, 9, 9, 8, 9, 6, 9, 2, 3, 6, 7]
[EXPAND] z:614 [9, 9, 9, 8, 9, 6, 9, 2, 3, 6, 7]
[EXPAND] z:615 [9, 9, 9, 8, 9, 6, 9, 2, 3, 6, 7]
[EXPAND] z:616 [9, 9, 9, 8, 9, 6, 9, 2, 3, 6, 7]
[EXPAND] z:617 [9, 9, 9, 8, 9, 6, 9, 2, 3, 6, 7]
[EXPAND] z:618 [9, 9, 9, 8, 9, 6, 9, 2, 3, 6, 7]
[EXPAND] z:619 [9, 9, 9, 8, 9, 6, 9, 2, 3, 6, 7]
[EXPAND] z:620 [9, 9, 9, 8, 9, 6, 9, 2, 3, 6, 7]
[EXPAND] z:621 [9, 9, 9, 8, 9, 6, 9, 2, 3, 6, 7]
[EXPAND] z:622 [9, 9, 9, 8, 9, 6, 9, 2, 3, 6, 7]
[EXPAND] z:623 [9, 9, 9, 8, 9, 6, 9, 2, 3, 6, 7]
[EXPAND] z:15835 [9, 9, 9, 8, 9, 6, 9, 2, 3, 6, 1]
[EXPAND] z:15836 [9, 9, 9, 8, 9, 6, 9, 2, 3, 6, 2]
[EXPAND] z:15837 [9, 9, 9, 8, 9, 6, 9, 2, 3, 6, 3]
[EXPAND] z:15838 [9, 9, 9, 8, 9, 6, 9, 2, 3, 6, 4]
[EXPAND] z:15839 [9, 9, 9, 8, 9, 6, 9, 2, 3, 6, 5]
[EXPAND] z:15840 [9, 9, 9, 8, 9, 6, 9, 2, 3, 6, 6]
[EXPAND] z:15841 [9, 9, 9, 8, 9, 6, 9, 2, 3, 6, 7]
[EXPAND] z:15842 [9, 9, 9, 8, 9, 6, 9, 2, 3, 6, 8]
[EXPAND] z:15843 [9, 9, 9, 8, 9, 6, 9, 2, 3, 6, 9]
[EXPAND] z:609 [9, 9, 9, 8, 9, 6, 9, 2, 3, 6, 9, 4]
[EXPAND] z:23 [9, 9, 9, 8, 9, 6, 9, 2, 3, 6, 9, 4, 3]
[RESULT] z:0 [9, 9, 9, 8, 9, 6, 9, 2, 3, 6, 9, 4, 3, 9]
[EXPAND] z:609 [9, 9, 9, 8, 9, 6, 9, 2, 3, 6, 8, 3]
[EXPAND] z:23 [9, 9, 9, 8, 9, 6, 9, 2, 3, 6, 8, 3, 3]
[RESULT] z:0 [9, 9, 9, 8, 9, 6, 9, 2, 3, 6, 8, 3, 3, 9]
[EXPAND] z:609 [9, 9, 9, 8, 9, 6, 9, 2, 3, 6, 7, 2]
[EXPAND] z:23 [9, 9, 9, 8, 9, 6, 9, 2, 3, 6, 7, 2, 3]
[RESULT] z:0 [9, 9, 9, 8, 9, 6, 9, 2, 3, 6, 7, 2, 3, 9]
[EXPAND] z:609 [9, 9, 9, 8, 9, 6, 9, 2, 3, 6, 6, 1]
[EXPAND] z:23 [9, 9, 9, 8, 9, 6, 9, 2, 3, 6, 6, 1, 3]
[RESULT] z:0 [9, 9, 9, 8, 9, 6, 9, 2, 3, 6, 6, 1, 3, 9]
[EXPAND] z:23 [9, 9, 9, 8, 9, 6, 9, 2, 3, 6, 7, 9]
[EXPAND] z:23 [9, 9, 9, 8, 9, 6, 9, 2, 3, 6, 7, 8]
[EXPAND] z:23 [9, 9, 9, 8, 9, 6, 9, 2, 3, 6, 7, 7]
[EXPAND] z:23 [9, 9, 9, 8, 9, 6, 9, 2, 3, 6, 7, 6]
[EXPAND] z:23 [9, 9, 9, 8, 9, 6, 9, 2, 3, 6, 7, 5]
[EXPAND] z:23 [9, 9, 9, 8, 9, 6, 9, 2, 3, 6, 7, 4]
[EXPAND] z:23 [9, 9, 9, 8, 9, 6, 9, 2, 3, 6, 7, 3]
[EXPAND] z:23 [9, 9, 9, 8, 9, 6, 9, 2, 3, 6, 7, 1]
[EXPAND] z:609 [9, 9, 9, 8, 9, 6, 9, 2, 2, 5]
[EXPAND] z:598 [9, 9, 9, 8, 9, 6, 9, 2, 2, 5, 7]
[EXPAND] z:599 [9, 9, 9, 8, 9, 6, 9, 2, 2, 5, 7]
[EXPAND] z:600 [9, 9, 9, 8, 9, 6, 9, 2, 2, 5, 7]
[EXPAND] z:601 [9, 9, 9, 8, 9, 6, 9, 2, 2, 5, 7]
[EXPAND] z:602 [9, 9, 9, 8, 9, 6, 9, 2, 2, 5, 7]
[EXPAND] z:603 [9, 9, 9, 8, 9, 6, 9, 2, 2, 5, 7]
[EXPAND] z:604 [9, 9, 9, 8, 9, 6, 9, 2, 2, 5, 7]
[EXPAND] z:606 [9, 9, 9, 8, 9, 6, 9, 2, 2, 5, 7]
[EXPAND] z:607 [9, 9, 9, 8, 9, 6, 9, 2, 2, 5, 7]
[EXPAND] z:608 [9, 9, 9, 8, 9, 6, 9, 2, 2, 5, 7]
[EXPAND] z:609 [9, 9, 9, 8, 9, 6, 9, 2, 2, 5, 7]
[EXPAND] z:610 [9, 9, 9, 8, 9, 6, 9, 2, 2, 5, 7]
[EXPAND] z:611 [9, 9, 9, 8, 9, 6, 9, 2, 2, 5, 7]
[EXPAND] z:612 [9, 9, 9, 8, 9, 6, 9, 2, 2, 5, 7]
[EXPAND] z:613 [9, 9, 9, 8, 9, 6, 9, 2, 2, 5, 7]
[EXPAND] z:614 [9, 9, 9, 8, 9, 6, 9, 2, 2, 5, 7]
[EXPAND] z:615 [9, 9, 9, 8, 9, 6, 9, 2, 2, 5, 7]
[EXPAND] z:616 [9, 9, 9, 8, 9, 6, 9, 2, 2, 5, 7]
[EXPAND] z:617 [9, 9, 9, 8, 9, 6, 9, 2, 2, 5, 7]
[EXPAND] z:618 [9, 9, 9, 8, 9, 6, 9, 2, 2, 5, 7]
[EXPAND] z:619 [9, 9, 9, 8, 9, 6, 9, 2, 2, 5, 7]
[EXPAND] z:620 [9, 9, 9, 8, 9, 6, 9, 2, 2, 5, 7]
[EXPAND] z:621 [9, 9, 9, 8, 9, 6, 9, 2, 2, 5, 7]
[EXPAND] z:622 [9, 9, 9, 8, 9, 6, 9, 2, 2, 5, 7]
[EXPAND] z:623 [9, 9, 9, 8, 9, 6, 9, 2, 2, 5, 7]
[EXPAND] z:15835 [9, 9, 9, 8, 9, 6, 9, 2, 2, 5, 1]
[EXPAND] z:15836 [9, 9, 9, 8, 9, 6, 9, 2, 2, 5, 2]
[EXPAND] z:15837 [9, 9, 9, 8, 9, 6, 9, 2, 2, 5, 3]
[EXPAND] z:15838 [9, 9, 9, 8, 9, 6, 9, 2, 2, 5, 4]
[EXPAND] z:15839 [9, 9, 9, 8, 9, 6, 9, 2, 2, 5, 5]
[EXPAND] z:15840 [9, 9, 9, 8, 9, 6, 9, 2, 2, 5, 6]
[EXPAND] z:15841 [9, 9, 9, 8, 9, 6, 9, 2, 2, 5, 7]
[EXPAND] z:15842 [9, 9, 9, 8, 9, 6, 9, 2, 2, 5, 8]
[EXPAND] z:15843 [9, 9, 9, 8, 9, 6, 9, 2, 2, 5, 9]
[EXPAND] z:609 [9, 9, 9, 8, 9, 6, 9, 2, 2, 5, 9, 4]
[EXPAND] z:23 [9, 9, 9, 8, 9, 6, 9, 2, 2, 5, 9, 4, 3]
[RESULT] z:0 [9, 9, 9, 8, 9, 6, 9, 2, 2, 5, 9, 4, 3, 9]
[EXPAND] z:609 [9, 9, 9, 8, 9, 6, 9, 2, 2, 5, 8, 3]
[EXPAND] z:23 [9, 9, 9, 8, 9, 6, 9, 2, 2, 5, 8, 3, 3]
[RESULT] z:0 [9, 9, 9, 8, 9, 6, 9, 2, 2, 5, 8, 3, 3, 9]
[EXPAND] z:609 [9, 9, 9, 8, 9, 6, 9, 2, 2, 5, 7, 2]
[EXPAND] z:23 [9, 9, 9, 8, 9, 6, 9, 2, 2, 5, 7, 2, 3]
[RESULT] z:0 [9, 9, 9, 8, 9, 6, 9, 2, 2, 5, 7, 2, 3, 9]
[EXPAND] z:609 [9, 9, 9, 8, 9, 6, 9, 2, 2, 5, 6, 1]
[EXPAND] z:23 [9, 9, 9, 8, 9, 6, 9, 2, 2, 5, 6, 1, 3]
[RESULT] z:0 [9, 9, 9, 8, 9, 6, 9, 2, 2, 5, 6, 1, 3, 9]
[EXPAND] z:23 [9, 9, 9, 8, 9, 6, 9, 2, 2, 5, 7, 9]
[EXPAND] z:23 [9, 9, 9, 8, 9, 6, 9, 2, 2, 5, 7, 8]
[EXPAND] z:23 [9, 9, 9, 8, 9, 6, 9, 2, 2, 5, 7, 7]
[EXPAND] z:23 [9, 9, 9, 8, 9, 6, 9, 2, 2, 5, 7, 6]
[EXPAND] z:23 [9, 9, 9, 8, 9, 6, 9, 2, 2, 5, 7, 5]
[EXPAND] z:23 [9, 9, 9, 8, 9, 6, 9, 2, 2, 5, 7, 4]
[EXPAND] z:23 [9, 9, 9, 8, 9, 6, 9, 2, 2, 5, 7, 3]
[EXPAND] z:23 [9, 9, 9, 8, 9, 6, 9, 2, 2, 5, 7, 1]
[EXPAND] z:609 [9, 9, 9, 8, 9, 6, 9, 2, 1, 4]
[EXPAND] z:598 [9, 9, 9, 8, 9, 6, 9, 2, 1, 4, 7]
[EXPAND] z:599 [9, 9, 9, 8, 9, 6, 9, 2, 1, 4, 7]
[EXPAND] z:600 [9, 9, 9, 8, 9, 6, 9, 2, 1, 4, 7]
[EXPAND] z:601 [9, 9, 9, 8, 9, 6, 9, 2, 1, 4, 7]
[EXPAND] z:602 [9, 9, 9, 8, 9, 6, 9, 2, 1, 4, 7]
[EXPAND] z:603 [9, 9, 9, 8, 9, 6, 9, 2, 1, 4, 7]
[EXPAND] z:604 [9, 9, 9, 8, 9, 6, 9, 2, 1, 4, 7]
[EXPAND] z:606 [9, 9, 9, 8, 9, 6, 9, 2, 1, 4, 7]
[EXPAND] z:607 [9, 9, 9, 8, 9, 6, 9, 2, 1, 4, 7]
[EXPAND] z:608 [9, 9, 9, 8, 9, 6, 9, 2, 1, 4, 7]
[EXPAND] z:609 [9, 9, 9, 8, 9, 6, 9, 2, 1, 4, 7]
[EXPAND] z:610 [9, 9, 9, 8, 9, 6, 9, 2, 1, 4, 7]
[EXPAND] z:611 [9, 9, 9, 8, 9, 6, 9, 2, 1, 4, 7]
[EXPAND] z:612 [9, 9, 9, 8, 9, 6, 9, 2, 1, 4, 7]
[EXPAND] z:613 [9, 9, 9, 8, 9, 6, 9, 2, 1, 4, 7]
[EXPAND] z:614 [9, 9, 9, 8, 9, 6, 9, 2, 1, 4, 7]
[EXPAND] z:615 [9, 9, 9, 8, 9, 6, 9, 2, 1, 4, 7]
[EXPAND] z:616 [9, 9, 9, 8, 9, 6, 9, 2, 1, 4, 7]
[EXPAND] z:617 [9, 9, 9, 8, 9, 6, 9, 2, 1, 4, 7]
[EXPAND] z:618 [9, 9, 9, 8, 9, 6, 9, 2, 1, 4, 7]
[EXPAND] z:619 [9, 9, 9, 8, 9, 6, 9, 2, 1, 4, 7]
[EXPAND] z:620 [9, 9, 9, 8, 9, 6, 9, 2, 1, 4, 7]
[EXPAND] z:621 [9, 9, 9, 8, 9, 6, 9, 2, 1, 4, 7]
[EXPAND] z:622 [9, 9, 9, 8, 9, 6, 9, 2, 1, 4, 7]
[EXPAND] z:623 [9, 9, 9, 8, 9, 6, 9, 2, 1, 4, 7]
[EXPAND] z:15835 [9, 9, 9, 8, 9, 6, 9, 2, 1, 4, 1]
[EXPAND] z:15836 [9, 9, 9, 8, 9, 6, 9, 2, 1, 4, 2]
[EXPAND] z:15837 [9, 9, 9, 8, 9, 6, 9, 2, 1, 4, 3]
[EXPAND] z:15838 [9, 9, 9, 8, 9, 6, 9, 2, 1, 4, 4]
[EXPAND] z:15839 [9, 9, 9, 8, 9, 6, 9, 2, 1, 4, 5]
[EXPAND] z:15840 [9, 9, 9, 8, 9, 6, 9, 2, 1, 4, 6]
[EXPAND] z:15841 [9, 9, 9, 8, 9, 6, 9, 2, 1, 4, 7]
[EXPAND] z:15842 [9, 9, 9, 8, 9, 6, 9, 2, 1, 4, 8]
[EXPAND] z:15843 [9, 9, 9, 8, 9, 6, 9, 2, 1, 4, 9]
[EXPAND] z:609 [9, 9, 9, 8, 9, 6, 9, 2, 1, 4, 9, 4]
[EXPAND] z:23 [9, 9, 9, 8, 9, 6, 9, 2, 1, 4, 9, 4, 3]
[RESULT] z:0 [9, 9, 9, 8, 9, 6, 9, 2, 1, 4, 9, 4, 3, 9]
[EXPAND] z:609 [9, 9, 9, 8, 9, 6, 9, 2, 1, 4, 8, 3]
[EXPAND] z:23 [9, 9, 9, 8, 9, 6, 9, 2, 1, 4, 8, 3, 3]
[RESULT] z:0 [9, 9, 9, 8, 9, 6, 9, 2, 1, 4, 8, 3, 3, 9]
[EXPAND] z:609 [9, 9, 9, 8, 9, 6, 9, 2, 1, 4, 7, 2]
[EXPAND] z:23 [9, 9, 9, 8, 9, 6, 9, 2, 1, 4, 7, 2, 3]
[RESULT] z:0 [9, 9, 9, 8, 9, 6, 9, 2, 1, 4, 7, 2, 3, 9]
[EXPAND] z:609 [9, 9, 9, 8, 9, 6, 9, 2, 1, 4, 6, 1]
[EXPAND] z:23 [9, 9, 9, 8, 9, 6, 9, 2, 1, 4, 6, 1, 3]
[RESULT] z:0 [9, 9, 9, 8, 9, 6, 9, 2, 1, 4, 6, 1, 3, 9]
[EXPAND] z:23 [9, 9, 9, 8, 9, 6, 9, 2, 1, 4, 7, 9]
[EXPAND] z:23 [9, 9, 9, 8, 9, 6, 9, 2, 1, 4, 7, 8]
[EXPAND] z:23 [9, 9, 9, 8, 9, 6, 9, 2, 1, 4, 7, 7]
[EXPAND] z:23 [9, 9, 9, 8, 9, 6, 9, 2, 1, 4, 7, 6]
[EXPAND] z:23 [9, 9, 9, 8, 9, 6, 9, 2, 1, 4, 7, 5]
[EXPAND] z:23 [9, 9, 9, 8, 9, 6, 9, 2, 1, 4, 7, 4]
[EXPAND] z:23 [9, 9, 9, 8, 9, 6, 9, 2, 1, 4, 7, 3]
[EXPAND] z:23 [9, 9, 9, 8, 9, 6, 9, 2, 1, 4, 7, 1]
[EXPAND] z:609 [9, 9, 9, 8, 9, 6, 8, 1]
[EXPAND] z:15848 [9, 9, 9, 8, 9, 6, 8, 1, 1]
[EXPAND] z:15849 [9, 9, 9, 8, 9, 6, 8, 1, 2]
[EXPAND] z:15850 [9, 9, 9, 8, 9, 6, 8, 1, 3]
[EXPAND] z:15851 [9, 9, 9, 8, 9, 6, 8, 1, 4]
[EXPAND] z:15852 [9, 9, 9, 8, 9, 6, 8, 1, 5]
[EXPAND] z:15853 [9, 9, 9, 8, 9, 6, 8, 1, 6]
[EXPAND] z:15854 [9, 9, 9, 8, 9, 6, 8, 1, 7]
[EXPAND] z:15855 [9, 9, 9, 8, 9, 6, 8, 1, 8]
[EXPAND] z:15856 [9, 9, 9, 8, 9, 6, 8, 1, 9]
[EXPAND] z:609 [9, 9, 9, 8, 9, 6, 8, 1, 6, 9]
[EXPAND] z:598 [9, 9, 9, 8, 9, 6, 8, 1, 6, 9, 7]
[EXPAND] z:599 [9, 9, 9, 8, 9, 6, 8, 1, 6, 9, 7]
[EXPAND] z:600 [9, 9, 9, 8, 9, 6, 8, 1, 6, 9, 7]
[EXPAND] z:601 [9, 9, 9, 8, 9, 6, 8, 1, 6, 9, 7]
[EXPAND] z:602 [9, 9, 9, 8, 9, 6, 8, 1, 6, 9, 7]
[EXPAND] z:603 [9, 9, 9, 8, 9, 6, 8, 1, 6, 9, 7]
[EXPAND] z:604 [9, 9, 9, 8, 9, 6, 8, 1, 6, 9, 7]
[EXPAND] z:606 [9, 9, 9, 8, 9, 6, 8, 1, 6, 9, 7]
[EXPAND] z:607 [9, 9, 9, 8, 9, 6, 8, 1, 6, 9, 7]
[EXPAND] z:608 [9, 9, 9, 8, 9, 6, 8, 1, 6, 9, 7]
[EXPAND] z:609 [9, 9, 9, 8, 9, 6, 8, 1, 6, 9, 7]
[EXPAND] z:610 [9, 9, 9, 8, 9, 6, 8, 1, 6, 9, 7]
[EXPAND] z:611 [9, 9, 9, 8, 9, 6, 8, 1, 6, 9, 7]
[EXPAND] z:612 [9, 9, 9, 8, 9, 6, 8, 1, 6, 9, 7]
[EXPAND] z:613 [9, 9, 9, 8, 9, 6, 8, 1, 6, 9, 7]
[EXPAND] z:614 [9, 9, 9, 8, 9, 6, 8, 1, 6, 9, 7]
[EXPAND] z:615 [9, 9, 9, 8, 9, 6, 8, 1, 6, 9, 7]
[EXPAND] z:616 [9, 9, 9, 8, 9, 6, 8, 1, 6, 9, 7]
[EXPAND] z:617 [9, 9, 9, 8, 9, 6, 8, 1, 6, 9, 7]
[EXPAND] z:618 [9, 9, 9, 8, 9, 6, 8, 1, 6, 9, 7]
[EXPAND] z:619 [9, 9, 9, 8, 9, 6, 8, 1, 6, 9, 7]
[EXPAND] z:620 [9, 9, 9, 8, 9, 6, 8, 1, 6, 9, 7]
[EXPAND] z:621 [9, 9, 9, 8, 9, 6, 8, 1, 6, 9, 7]
[EXPAND] z:622 [9, 9, 9, 8, 9, 6, 8, 1, 6, 9, 7]
[EXPAND] z:623 [9, 9, 9, 8, 9, 6, 8, 1, 6, 9, 7]
[EXPAND] z:15835 [9, 9, 9, 8, 9, 6, 8, 1, 6, 9, 1]
[EXPAND] z:15836 [9, 9, 9, 8, 9, 6, 8, 1, 6, 9, 2]
[EXPAND] z:15837 [9, 9, 9, 8, 9, 6, 8, 1, 6, 9, 3]
[EXPAND] z:15838 [9, 9, 9, 8, 9, 6, 8, 1, 6, 9, 4]
[EXPAND] z:15839 [9, 9, 9, 8, 9, 6, 8, 1, 6, 9, 5]
[EXPAND] z:15840 [9, 9, 9, 8, 9, 6, 8, 1, 6, 9, 6]
[EXPAND] z:15841 [9, 9, 9, 8, 9, 6, 8, 1, 6, 9, 7]
[EXPAND] z:15842 [9, 9, 9, 8, 9, 6, 8, 1, 6, 9, 8]
[EXPAND] z:15843 [9, 9, 9, 8, 9, 6, 8, 1, 6, 9, 9]
[EXPAND] z:609 [9, 9, 9, 8, 9, 6, 8, 1, 6, 9, 9, 4]
[EXPAND] z:23 [9, 9, 9, 8, 9, 6, 8, 1, 6, 9, 9, 4, 3]
[RESULT] z:0 [9, 9, 9, 8, 9, 6, 8, 1, 6, 9, 9, 4, 3, 9]
[EXPAND] z:609 [9, 9, 9, 8, 9, 6, 8, 1, 6, 9, 8, 3]
[EXPAND] z:23 [9, 9, 9, 8, 9, 6, 8, 1, 6, 9, 8, 3, 3]
[RESULT] z:0 [9, 9, 9, 8, 9, 6, 8, 1, 6, 9, 8, 3, 3, 9]
[EXPAND] z:609 [9, 9, 9, 8, 9, 6, 8, 1, 6, 9, 7, 2]
[EXPAND] z:23 [9, 9, 9, 8, 9, 6, 8, 1, 6, 9, 7, 2, 3]
[RESULT] z:0 [9, 9, 9, 8, 9, 6, 8, 1, 6, 9, 7, 2, 3, 9]
[EXPAND] z:609 [9, 9, 9, 8, 9, 6, 8, 1, 6, 9, 6, 1]
[EXPAND] z:23 [9, 9, 9, 8, 9, 6, 8, 1, 6, 9, 6, 1, 3]
[RESULT] z:0 [9, 9, 9, 8, 9, 6, 8, 1, 6, 9, 6, 1, 3, 9]
[EXPAND] z:23 [9, 9, 9, 8, 9, 6, 8, 1, 6, 9, 7, 9]
[EXPAND] z:23 [9, 9, 9, 8, 9, 6, 8, 1, 6, 9, 7, 8]
[EXPAND] z:23 [9, 9, 9, 8, 9, 6, 8, 1, 6, 9, 7, 7]
[EXPAND] z:23 [9, 9, 9, 8, 9, 6, 8, 1, 6, 9, 7, 6]
[EXPAND] z:23 [9, 9, 9, 8, 9, 6, 8, 1, 6, 9, 7, 5]
[EXPAND] z:23 [9, 9, 9, 8, 9, 6, 8, 1, 6, 9, 7, 4]
[EXPAND] z:23 [9, 9, 9, 8, 9, 6, 8, 1, 6, 9, 7, 3]
[EXPAND] z:23 [9, 9, 9, 8, 9, 6, 8, 1, 6, 9, 7, 1]
[EXPAND] z:609 [9, 9, 9, 8, 9, 6, 8, 1, 5, 8]
[EXPAND] z:598 [9, 9, 9, 8, 9, 6, 8, 1, 5, 8, 7]
[EXPAND] z:599 [9, 9, 9, 8, 9, 6, 8, 1, 5, 8, 7]
[EXPAND] z:600 [9, 9, 9, 8, 9, 6, 8, 1, 5, 8, 7]
[EXPAND] z:601 [9, 9, 9, 8, 9, 6, 8, 1, 5, 8, 7]
[EXPAND] z:602 [9, 9, 9, 8, 9, 6, 8, 1, 5, 8, 7]
[EXPAND] z:603 [9, 9, 9, 8, 9, 6, 8, 1, 5, 8, 7]
[EXPAND] z:604 [9, 9, 9, 8, 9, 6, 8, 1, 5, 8, 7]
[EXPAND] z:606 [9, 9, 9, 8, 9, 6, 8, 1, 5, 8, 7]
[EXPAND] z:607 [9, 9, 9, 8, 9, 6, 8, 1, 5, 8, 7]
[EXPAND] z:608 [9, 9, 9, 8, 9, 6, 8, 1, 5, 8, 7]
[EXPAND] z:609 [9, 9, 9, 8, 9, 6, 8, 1, 5, 8, 7]
[EXPAND] z:610 [9, 9, 9, 8, 9, 6, 8, 1, 5, 8, 7]
[EXPAND] z:611 [9, 9, 9, 8, 9, 6, 8, 1, 5, 8, 7]
[EXPAND] z:612 [9, 9, 9, 8, 9, 6, 8, 1, 5, 8, 7]
[EXPAND] z:613 [9, 9, 9, 8, 9, 6, 8, 1, 5, 8, 7]
[EXPAND] z:614 [9, 9, 9, 8, 9, 6, 8, 1, 5, 8, 7]
[EXPAND] z:615 [9, 9, 9, 8, 9, 6, 8, 1, 5, 8, 7]
[EXPAND] z:616 [9, 9, 9, 8, 9, 6, 8, 1, 5, 8, 7]
[EXPAND] z:617 [9, 9, 9, 8, 9, 6, 8, 1, 5, 8, 7]
[EXPAND] z:618 [9, 9, 9, 8, 9, 6, 8, 1, 5, 8, 7]
[EXPAND] z:619 [9, 9, 9, 8, 9, 6, 8, 1, 5, 8, 7]
[EXPAND] z:620 [9, 9, 9, 8, 9, 6, 8, 1, 5, 8, 7]
[EXPAND] z:621 [9, 9, 9, 8, 9, 6, 8, 1, 5, 8, 7]
[EXPAND] z:622 [9, 9, 9, 8, 9, 6, 8, 1, 5, 8, 7]
[EXPAND] z:623 [9, 9, 9, 8, 9, 6, 8, 1, 5, 8, 7]
[EXPAND] z:15835 [9, 9, 9, 8, 9, 6, 8, 1, 5, 8, 1]
[EXPAND] z:15836 [9, 9, 9, 8, 9, 6, 8, 1, 5, 8, 2]
[EXPAND] z:15837 [9, 9, 9, 8, 9, 6, 8, 1, 5, 8, 3]
[EXPAND] z:15838 [9, 9, 9, 8, 9, 6, 8, 1, 5, 8, 4]
[EXPAND] z:15839 [9, 9, 9, 8, 9, 6, 8, 1, 5, 8, 5]
[EXPAND] z:15840 [9, 9, 9, 8, 9, 6, 8, 1, 5, 8, 6]
[EXPAND] z:15841 [9, 9, 9, 8, 9, 6, 8, 1, 5, 8, 7]
[EXPAND] z:15842 [9, 9, 9, 8, 9, 6, 8, 1, 5, 8, 8]
[EXPAND] z:15843 [9, 9, 9, 8, 9, 6, 8, 1, 5, 8, 9]
[EXPAND] z:609 [9, 9, 9, 8, 9, 6, 8, 1, 5, 8, 9, 4]
[EXPAND] z:23 [9, 9, 9, 8, 9, 6, 8, 1, 5, 8, 9, 4, 3]
[RESULT] z:0 [9, 9, 9, 8, 9, 6, 8, 1, 5, 8, 9, 4, 3, 9]
[EXPAND] z:609 [9, 9, 9, 8, 9, 6, 8, 1, 5, 8, 8, 3]
[EXPAND] z:23 [9, 9, 9, 8, 9, 6, 8, 1, 5, 8, 8, 3, 3]
[RESULT] z:0 [9, 9, 9, 8, 9, 6, 8, 1, 5, 8, 8, 3, 3, 9]
[EXPAND] z:609 [9, 9, 9, 8, 9, 6, 8, 1, 5, 8, 7, 2]
[EXPAND] z:23 [9, 9, 9, 8, 9, 6, 8, 1, 5, 8, 7, 2, 3]
[RESULT] z:0 [9, 9, 9, 8, 9, 6, 8, 1, 5, 8, 7, 2, 3, 9]
[EXPAND] z:609 [9, 9, 9, 8, 9, 6, 8, 1, 5, 8, 6, 1]
[EXPAND] z:23 [9, 9, 9, 8, 9, 6, 8, 1, 5, 8, 6, 1, 3]
[RESULT] z:0 [9, 9, 9, 8, 9, 6, 8, 1, 5, 8, 6, 1, 3, 9]
[EXPAND] z:23 [9, 9, 9, 8, 9, 6, 8, 1, 5, 8, 7, 9]
[EXPAND] z:23 [9, 9, 9, 8, 9, 6, 8, 1, 5, 8, 7, 8]
[EXPAND] z:23 [9, 9, 9, 8, 9, 6, 8, 1, 5, 8, 7, 7]
[EXPAND] z:23 [9, 9, 9, 8, 9, 6, 8, 1, 5, 8, 7, 6]
[EXPAND] z:23 [9, 9, 9, 8, 9, 6, 8, 1, 5, 8, 7, 5]
[EXPAND] z:23 [9, 9, 9, 8, 9, 6, 8, 1, 5, 8, 7, 4]
[EXPAND] z:23 [9, 9, 9, 8, 9, 6, 8, 1, 5, 8, 7, 3]
[EXPAND] z:23 [9, 9, 9, 8, 9, 6, 8, 1, 5, 8, 7, 1]
[EXPAND] z:609 [9, 9, 9, 8, 9, 6, 8, 1, 4, 7]
[EXPAND] z:598 [9, 9, 9, 8, 9, 6, 8, 1, 4, 7, 7]
[EXPAND] z:599 [9, 9, 9, 8, 9, 6, 8, 1, 4, 7, 7]
[EXPAND] z:600 [9, 9, 9, 8, 9, 6, 8, 1, 4, 7, 7]
[EXPAND] z:601 [9, 9, 9, 8, 9, 6, 8, 1, 4, 7, 7]
[EXPAND] z:602 [9, 9, 9, 8, 9, 6, 8, 1, 4, 7, 7]
[EXPAND] z:603 [9, 9, 9, 8, 9, 6, 8, 1, 4, 7, 7]
[EXPAND] z:604 [9, 9, 9, 8, 9, 6, 8, 1, 4, 7, 7]
[EXPAND] z:606 [9, 9, 9, 8, 9, 6, 8, 1, 4, 7, 7]
[EXPAND] z:607 [9, 9, 9, 8, 9, 6, 8, 1, 4, 7, 7]
[EXPAND] z:608 [9, 9, 9, 8, 9, 6, 8, 1, 4, 7, 7]
[EXPAND] z:609 [9, 9, 9, 8, 9, 6, 8, 1, 4, 7, 7]
[EXPAND] z:610 [9, 9, 9, 8, 9, 6, 8, 1, 4, 7, 7]
[EXPAND] z:611 [9, 9, 9, 8, 9, 6, 8, 1, 4, 7, 7]
[EXPAND] z:612 [9, 9, 9, 8, 9, 6, 8, 1, 4, 7, 7]
[EXPAND] z:613 [9, 9, 9, 8, 9, 6, 8, 1, 4, 7, 7]
[EXPAND] z:614 [9, 9, 9, 8, 9, 6, 8, 1, 4, 7, 7]
[EXPAND] z:615 [9, 9, 9, 8, 9, 6, 8, 1, 4, 7, 7]
[EXPAND] z:616 [9, 9, 9, 8, 9, 6, 8, 1, 4, 7, 7]
[EXPAND] z:617 [9, 9, 9, 8, 9, 6, 8, 1, 4, 7, 7]
[EXPAND] z:618 [9, 9, 9, 8, 9, 6, 8, 1, 4, 7, 7]
[EXPAND] z:619 [9, 9, 9, 8, 9, 6, 8, 1, 4, 7, 7]
[EXPAND] z:620 [9, 9, 9, 8, 9, 6, 8, 1, 4, 7, 7]
[EXPAND] z:621 [9, 9, 9, 8, 9, 6, 8, 1, 4, 7, 7]
[EXPAND] z:622 [9, 9, 9, 8, 9, 6, 8, 1, 4, 7, 7]
[EXPAND] z:623 [9, 9, 9, 8, 9, 6, 8, 1, 4, 7, 7]
[EXPAND] z:15835 [9, 9, 9, 8, 9, 6, 8, 1, 4, 7, 1]
[EXPAND] z:15836 [9, 9, 9, 8, 9, 6, 8, 1, 4, 7, 2]
[EXPAND] z:15837 [9, 9, 9, 8, 9, 6, 8, 1, 4, 7, 3]
[EXPAND] z:15838 [9, 9, 9, 8, 9, 6, 8, 1, 4, 7, 4]
[EXPAND] z:15839 [9, 9, 9, 8, 9, 6, 8, 1, 4, 7, 5]
[EXPAND] z:15840 [9, 9, 9, 8, 9, 6, 8, 1, 4, 7, 6]
[EXPAND] z:15841 [9, 9, 9, 8, 9, 6, 8, 1, 4, 7, 7]
[EXPAND] z:15842 [9, 9, 9, 8, 9, 6, 8, 1, 4, 7, 8]
[EXPAND] z:15843 [9, 9, 9, 8, 9, 6, 8, 1, 4, 7, 9]
[EXPAND] z:609 [9, 9, 9, 8, 9, 6, 8, 1, 4, 7, 9, 4]
[EXPAND] z:23 [9, 9, 9, 8, 9, 6, 8, 1, 4, 7, 9, 4, 3]
[RESULT] z:0 [9, 9, 9, 8, 9, 6, 8, 1, 4, 7, 9, 4, 3, 9]
[EXPAND] z:609 [9, 9, 9, 8, 9, 6, 8, 1, 4, 7, 8, 3]
[EXPAND] z:23 [9, 9, 9, 8, 9, 6, 8, 1, 4, 7, 8, 3, 3]
[RESULT] z:0 [9, 9, 9, 8, 9, 6, 8, 1, 4, 7, 8, 3, 3, 9]
[EXPAND] z:609 [9, 9, 9, 8, 9, 6, 8, 1, 4, 7, 7, 2]
[EXPAND] z:23 [9, 9, 9, 8, 9, 6, 8, 1, 4, 7, 7, 2, 3]
[RESULT] z:0 [9, 9, 9, 8, 9, 6, 8, 1, 4, 7, 7, 2, 3, 9]
[EXPAND] z:609 [9, 9, 9, 8, 9, 6, 8, 1, 4, 7, 6, 1]
[EXPAND] z:23 [9, 9, 9, 8, 9, 6, 8, 1, 4, 7, 6, 1, 3]
[RESULT] z:0 [9, 9, 9, 8, 9, 6, 8, 1, 4, 7, 6, 1, 3, 9]
[EXPAND] z:23 [9, 9, 9, 8, 9, 6, 8, 1, 4, 7, 7, 9]
[EXPAND] z:23 [9, 9, 9, 8, 9, 6, 8, 1, 4, 7, 7, 8]
[EXPAND] z:23 [9, 9, 9, 8, 9, 6, 8, 1, 4, 7, 7, 7]
[EXPAND] z:23 [9, 9, 9, 8, 9, 6, 8, 1, 4, 7, 7, 6]
[EXPAND] z:23 [9, 9, 9, 8, 9, 6, 8, 1, 4, 7, 7, 5]
[EXPAND] z:23 [9, 9, 9, 8, 9, 6, 8, 1, 4, 7, 7, 4]
[EXPAND] z:23 [9, 9, 9, 8, 9, 6, 8, 1, 4, 7, 7, 3]
[EXPAND] z:23 [9, 9, 9, 8, 9, 6, 8, 1, 4, 7, 7, 1]
[EXPAND] z:609 [9, 9, 9, 8, 9, 6, 8, 1, 3, 6]
[EXPAND] z:598 [9, 9, 9, 8, 9, 6, 8, 1, 3, 6, 7]
[EXPAND] z:599 [9, 9, 9, 8, 9, 6, 8, 1, 3, 6, 7]
[EXPAND] z:600 [9, 9, 9, 8, 9, 6, 8, 1, 3, 6, 7]
[EXPAND] z:601 [9, 9, 9, 8, 9, 6, 8, 1, 3, 6, 7]
[EXPAND] z:602 [9, 9, 9, 8, 9, 6, 8, 1, 3, 6, 7]
[EXPAND] z:603 [9, 9, 9, 8, 9, 6, 8, 1, 3, 6, 7]
[EXPAND] z:604 [9, 9, 9, 8, 9, 6, 8, 1, 3, 6, 7]
[EXPAND] z:606 [9, 9, 9, 8, 9, 6, 8, 1, 3, 6, 7]
[EXPAND] z:607 [9, 9, 9, 8, 9, 6, 8, 1, 3, 6, 7]
[EXPAND] z:608 [9, 9, 9, 8, 9, 6, 8, 1, 3, 6, 7]
[EXPAND] z:609 [9, 9, 9, 8, 9, 6, 8, 1, 3, 6, 7]
[EXPAND] z:610 [9, 9, 9, 8, 9, 6, 8, 1, 3, 6, 7]
[EXPAND] z:611 [9, 9, 9, 8, 9, 6, 8, 1, 3, 6, 7]
[EXPAND] z:612 [9, 9, 9, 8, 9, 6, 8, 1, 3, 6, 7]
[EXPAND] z:613 [9, 9, 9, 8, 9, 6, 8, 1, 3, 6, 7]
[EXPAND] z:614 [9, 9, 9, 8, 9, 6, 8, 1, 3, 6, 7]
[EXPAND] z:615 [9, 9, 9, 8, 9, 6, 8, 1, 3, 6, 7]
[EXPAND] z:616 [9, 9, 9, 8, 9, 6, 8, 1, 3, 6, 7]
[EXPAND] z:617 [9, 9, 9, 8, 9, 6, 8, 1, 3, 6, 7]
[EXPAND] z:618 [9, 9, 9, 8, 9, 6, 8, 1, 3, 6, 7]
[EXPAND] z:619 [9, 9, 9, 8, 9, 6, 8, 1, 3, 6, 7]
[EXPAND] z:620 [9, 9, 9, 8, 9, 6, 8, 1, 3, 6, 7]
[EXPAND] z:621 [9, 9, 9, 8, 9, 6, 8, 1, 3, 6, 7]
[EXPAND] z:622 [9, 9, 9, 8, 9, 6, 8, 1, 3, 6, 7]
[EXPAND] z:623 [9, 9, 9, 8, 9, 6, 8, 1, 3, 6, 7]
[EXPAND] z:15835 [9, 9, 9, 8, 9, 6, 8, 1, 3, 6, 1]
[EXPAND] z:15836 [9, 9, 9, 8, 9, 6, 8, 1, 3, 6, 2]
[EXPAND] z:15837 [9, 9, 9, 8, 9, 6, 8, 1, 3, 6, 3]
[EXPAND] z:15838 [9, 9, 9, 8, 9, 6, 8, 1, 3, 6, 4]
[EXPAND] z:15839 [9, 9, 9, 8, 9, 6, 8, 1, 3, 6, 5]
[EXPAND] z:15840 [9, 9, 9, 8, 9, 6, 8, 1, 3, 6, 6]
[EXPAND] z:15841 [9, 9, 9, 8, 9, 6, 8, 1, 3, 6, 7]
[EXPAND] z:15842 [9, 9, 9, 8, 9, 6, 8, 1, 3, 6, 8]
[EXPAND] z:15843 [9, 9, 9, 8, 9, 6, 8, 1, 3, 6, 9]
[EXPAND] z:609 [9, 9, 9, 8, 9, 6, 8, 1, 3, 6, 9, 4]
[EXPAND] z:23 [9, 9, 9, 8, 9, 6, 8, 1, 3, 6, 9, 4, 3]
[RESULT] z:0 [9, 9, 9, 8, 9, 6, 8, 1, 3, 6, 9, 4, 3, 9]
[EXPAND] z:609 [9, 9, 9, 8, 9, 6, 8, 1, 3, 6, 8, 3]
[EXPAND] z:23 [9, 9, 9, 8, 9, 6, 8, 1, 3, 6, 8, 3, 3]
[RESULT] z:0 [9, 9, 9, 8, 9, 6, 8, 1, 3, 6, 8, 3, 3, 9]
[EXPAND] z:609 [9, 9, 9, 8, 9, 6, 8, 1, 3, 6, 7, 2]
[EXPAND] z:23 [9, 9, 9, 8, 9, 6, 8, 1, 3, 6, 7, 2, 3]
[RESULT] z:0 [9, 9, 9, 8, 9, 6, 8, 1, 3, 6, 7, 2, 3, 9]
[EXPAND] z:609 [9, 9, 9, 8, 9, 6, 8, 1, 3, 6, 6, 1]
[EXPAND] z:23 [9, 9, 9, 8, 9, 6, 8, 1, 3, 6, 6, 1, 3]
[RESULT] z:0 [9, 9, 9, 8, 9, 6, 8, 1, 3, 6, 6, 1, 3, 9]
[EXPAND] z:23 [9, 9, 9, 8, 9, 6, 8, 1, 3, 6, 7, 9]
[EXPAND] z:23 [9, 9, 9, 8, 9, 6, 8, 1, 3, 6, 7, 8]
[EXPAND] z:23 [9, 9, 9, 8, 9, 6, 8, 1, 3, 6, 7, 7]
[EXPAND] z:23 [9, 9, 9, 8, 9, 6, 8, 1, 3, 6, 7, 6]
[EXPAND] z:23 [9, 9, 9, 8, 9, 6, 8, 1, 3, 6, 7, 5]
[EXPAND] z:23 [9, 9, 9, 8, 9, 6, 8, 1, 3, 6, 7, 4]
[EXPAND] z:23 [9, 9, 9, 8, 9, 6, 8, 1, 3, 6, 7, 3]
[EXPAND] z:23 [9, 9, 9, 8, 9, 6, 8, 1, 3, 6, 7, 1]
[EXPAND] z:609 [9, 9, 9, 8, 9, 6, 8, 1, 2, 5]
[EXPAND] z:598 [9, 9, 9, 8, 9, 6, 8, 1, 2, 5, 7]
[EXPAND] z:599 [9, 9, 9, 8, 9, 6, 8, 1, 2, 5, 7]
[EXPAND] z:600 [9, 9, 9, 8, 9, 6, 8, 1, 2, 5, 7]
[EXPAND] z:601 [9, 9, 9, 8, 9, 6, 8, 1, 2, 5, 7]
[EXPAND] z:602 [9, 9, 9, 8, 9, 6, 8, 1, 2, 5, 7]
[EXPAND] z:603 [9, 9, 9, 8, 9, 6, 8, 1, 2, 5, 7]
[EXPAND] z:604 [9, 9, 9, 8, 9, 6, 8, 1, 2, 5, 7]
[EXPAND] z:606 [9, 9, 9, 8, 9, 6, 8, 1, 2, 5, 7]
[EXPAND] z:607 [9, 9, 9, 8, 9, 6, 8, 1, 2, 5, 7]
[EXPAND] z:608 [9, 9, 9, 8, 9, 6, 8, 1, 2, 5, 7]
[EXPAND] z:609 [9, 9, 9, 8, 9, 6, 8, 1, 2, 5, 7]
[EXPAND] z:610 [9, 9, 9, 8, 9, 6, 8, 1, 2, 5, 7]
[EXPAND] z:611 [9, 9, 9, 8, 9, 6, 8, 1, 2, 5, 7]
[EXPAND] z:612 [9, 9, 9, 8, 9, 6, 8, 1, 2, 5, 7]
[EXPAND] z:613 [9, 9, 9, 8, 9, 6, 8, 1, 2, 5, 7]
[EXPAND] z:614 [9, 9, 9, 8, 9, 6, 8, 1, 2, 5, 7]
[EXPAND] z:615 [9, 9, 9, 8, 9, 6, 8, 1, 2, 5, 7]
[EXPAND] z:616 [9, 9, 9, 8, 9, 6, 8, 1, 2, 5, 7]
[EXPAND] z:617 [9, 9, 9, 8, 9, 6, 8, 1, 2, 5, 7]
[EXPAND] z:618 [9, 9, 9, 8, 9, 6, 8, 1, 2, 5, 7]
[EXPAND] z:619 [9, 9, 9, 8, 9, 6, 8, 1, 2, 5, 7]
[EXPAND] z:620 [9, 9, 9, 8, 9, 6, 8, 1, 2, 5, 7]
[EXPAND] z:621 [9, 9, 9, 8, 9, 6, 8, 1, 2, 5, 7]
[EXPAND] z:622 [9, 9, 9, 8, 9, 6, 8, 1, 2, 5, 7]
[EXPAND] z:623 [9, 9, 9, 8, 9, 6, 8, 1, 2, 5, 7]
[EXPAND] z:15835 [9, 9, 9, 8, 9, 6, 8, 1, 2, 5, 1]
[EXPAND] z:15836 [9, 9, 9, 8, 9, 6, 8, 1, 2, 5, 2]
[EXPAND] z:15837 [9, 9, 9, 8, 9, 6, 8, 1, 2, 5, 3]
[EXPAND] z:15838 [9, 9, 9, 8, 9, 6, 8, 1, 2, 5, 4]
[EXPAND] z:15839 [9, 9, 9, 8, 9, 6, 8, 1, 2, 5, 5]
[EXPAND] z:15840 [9, 9, 9, 8, 9, 6, 8, 1, 2, 5, 6]
[EXPAND] z:15841 [9, 9, 9, 8, 9, 6, 8, 1, 2, 5, 7]
[EXPAND] z:15842 [9, 9, 9, 8, 9, 6, 8, 1, 2, 5, 8]
[EXPAND] z:15843 [9, 9, 9, 8, 9, 6, 8, 1, 2, 5, 9]
[EXPAND] z:609 [9, 9, 9, 8, 9, 6, 8, 1, 2, 5, 9, 4]
[EXPAND] z:23 [9, 9, 9, 8, 9, 6, 8, 1, 2, 5, 9, 4, 3]
[RESULT] z:0 [9, 9, 9, 8, 9, 6, 8, 1, 2, 5, 9, 4, 3, 9]
[EXPAND] z:609 [9, 9, 9, 8, 9, 6, 8, 1, 2, 5, 8, 3]
[EXPAND] z:23 [9, 9, 9, 8, 9, 6, 8, 1, 2, 5, 8, 3, 3]
[RESULT] z:0 [9, 9, 9, 8, 9, 6, 8, 1, 2, 5, 8, 3, 3, 9]
[EXPAND] z:609 [9, 9, 9, 8, 9, 6, 8, 1, 2, 5, 7, 2]
[EXPAND] z:23 [9, 9, 9, 8, 9, 6, 8, 1, 2, 5, 7, 2, 3]
[RESULT] z:0 [9, 9, 9, 8, 9, 6, 8, 1, 2, 5, 7, 2, 3, 9]
[EXPAND] z:609 [9, 9, 9, 8, 9, 6, 8, 1, 2, 5, 6, 1]
[EXPAND] z:23 [9, 9, 9, 8, 9, 6, 8, 1, 2, 5, 6, 1, 3]
[RESULT] z:0 [9, 9, 9, 8, 9, 6, 8, 1, 2, 5, 6, 1, 3, 9]
[EXPAND] z:23 [9, 9, 9, 8, 9, 6, 8, 1, 2, 5, 7, 9]
[EXPAND] z:23 [9, 9, 9, 8, 9, 6, 8, 1, 2, 5, 7, 8]
[EXPAND] z:23 [9, 9, 9, 8, 9, 6, 8, 1, 2, 5, 7, 7]
[EXPAND] z:23 [9, 9, 9, 8, 9, 6, 8, 1, 2, 5, 7, 6]
[EXPAND] z:23 [9, 9, 9, 8, 9, 6, 8, 1, 2, 5, 7, 5]
[EXPAND] z:23 [9, 9, 9, 8, 9, 6, 8, 1, 2, 5, 7, 4]
[EXPAND] z:23 [9, 9, 9, 8, 9, 6, 8, 1, 2, 5, 7, 3]
[EXPAND] z:23 [9, 9, 9, 8, 9, 6, 8, 1, 2, 5, 7, 1]
[EXPAND] z:609 [9, 9, 9, 8, 9, 6, 8, 1, 1, 4]
[EXPAND] z:598 [9, 9, 9, 8, 9, 6, 8, 1, 1, 4, 7]
[EXPAND] z:599 [9, 9, 9, 8, 9, 6, 8, 1, 1, 4, 7]
[EXPAND] z:600 [9, 9, 9, 8, 9, 6, 8, 1, 1, 4, 7]
[EXPAND] z:601 [9, 9, 9, 8, 9, 6, 8, 1, 1, 4, 7]
[EXPAND] z:602 [9, 9, 9, 8, 9, 6, 8, 1, 1, 4, 7]
[EXPAND] z:603 [9, 9, 9, 8, 9, 6, 8, 1, 1, 4, 7]
[EXPAND] z:604 [9, 9, 9, 8, 9, 6, 8, 1, 1, 4, 7]
[EXPAND] z:606 [9, 9, 9, 8, 9, 6, 8, 1, 1, 4, 7]
[EXPAND] z:607 [9, 9, 9, 8, 9, 6, 8, 1, 1, 4, 7]
[EXPAND] z:608 [9, 9, 9, 8, 9, 6, 8, 1, 1, 4, 7]
[EXPAND] z:609 [9, 9, 9, 8, 9, 6, 8, 1, 1, 4, 7]
[EXPAND] z:610 [9, 9, 9, 8, 9, 6, 8, 1, 1, 4, 7]
[EXPAND] z:611 [9, 9, 9, 8, 9, 6, 8, 1, 1, 4, 7]
[EXPAND] z:612 [9, 9, 9, 8, 9, 6, 8, 1, 1, 4, 7]
[EXPAND] z:613 [9, 9, 9, 8, 9, 6, 8, 1, 1, 4, 7]
[EXPAND] z:614 [9, 9, 9, 8, 9, 6, 8, 1, 1, 4, 7]
[EXPAND] z:615 [9, 9, 9, 8, 9, 6, 8, 1, 1, 4, 7]
[EXPAND] z:616 [9, 9, 9, 8, 9, 6, 8, 1, 1, 4, 7]
[EXPAND] z:617 [9, 9, 9, 8, 9, 6, 8, 1, 1, 4, 7]
[EXPAND] z:618 [9, 9, 9, 8, 9, 6, 8, 1, 1, 4, 7]
[EXPAND] z:619 [9, 9, 9, 8, 9, 6, 8, 1, 1, 4, 7]
[EXPAND] z:620 [9, 9, 9, 8, 9, 6, 8, 1, 1, 4, 7]
[EXPAND] z:621 [9, 9, 9, 8, 9, 6, 8, 1, 1, 4, 7]
[EXPAND] z:622 [9, 9, 9, 8, 9, 6, 8, 1, 1, 4, 7]
[EXPAND] z:623 [9, 9, 9, 8, 9, 6, 8, 1, 1, 4, 7]
[EXPAND] z:15835 [9, 9, 9, 8, 9, 6, 8, 1, 1, 4, 1]
[EXPAND] z:15836 [9, 9, 9, 8, 9, 6, 8, 1, 1, 4, 2]
[EXPAND] z:15837 [9, 9, 9, 8, 9, 6, 8, 1, 1, 4, 3]
[EXPAND] z:15838 [9, 9, 9, 8, 9, 6, 8, 1, 1, 4, 4]
[EXPAND] z:15839 [9, 9, 9, 8, 9, 6, 8, 1, 1, 4, 5]
[EXPAND] z:15840 [9, 9, 9, 8, 9, 6, 8, 1, 1, 4, 6]
[EXPAND] z:15841 [9, 9, 9, 8, 9, 6, 8, 1, 1, 4, 7]
[EXPAND] z:15842 [9, 9, 9, 8, 9, 6, 8, 1, 1, 4, 8]
[EXPAND] z:15843 [9, 9, 9, 8, 9, 6, 8, 1, 1, 4, 9]
[EXPAND] z:609 [9, 9, 9, 8, 9, 6, 8, 1, 1, 4, 9, 4]
[EXPAND] z:23 [9, 9, 9, 8, 9, 6, 8, 1, 1, 4, 9, 4, 3]
[RESULT] z:0 [9, 9, 9, 8, 9, 6, 8, 1, 1, 4, 9, 4, 3, 9]
[EXPAND] z:609 [9, 9, 9, 8, 9, 6, 8, 1, 1, 4, 8, 3]
[EXPAND] z:23 [9, 9, 9, 8, 9, 6, 8, 1, 1, 4, 8, 3, 3]
[RESULT] z:0 [9, 9, 9, 8, 9, 6, 8, 1, 1, 4, 8, 3, 3, 9]
[EXPAND] z:609 [9, 9, 9, 8, 9, 6, 8, 1, 1, 4, 7, 2]
[EXPAND] z:23 [9, 9, 9, 8, 9, 6, 8, 1, 1, 4, 7, 2, 3]
[RESULT] z:0 [9, 9, 9, 8, 9, 6, 8, 1, 1, 4, 7, 2, 3, 9]
[EXPAND] z:609 [9, 9, 9, 8, 9, 6, 8, 1, 1, 4, 6, 1]
[EXPAND] z:23 [9, 9, 9, 8, 9, 6, 8, 1, 1, 4, 6, 1, 3]
[RESULT] z:0 [9, 9, 9, 8, 9, 6, 8, 1, 1, 4, 6, 1, 3, 9]
[EXPAND] z:23 [9, 9, 9, 8, 9, 6, 8, 1, 1, 4, 7, 9]
[EXPAND] z:23 [9, 9, 9, 8, 9, 6, 8, 1, 1, 4, 7, 8]
[EXPAND] z:23 [9, 9, 9, 8, 9, 6, 8, 1, 1, 4, 7, 7]
[EXPAND] z:23 [9, 9, 9, 8, 9, 6, 8, 1, 1, 4, 7, 6]
[EXPAND] z:23 [9, 9, 9, 8, 9, 6, 8, 1, 1, 4, 7, 5]
[EXPAND] z:23 [9, 9, 9, 8, 9, 6, 8, 1, 1, 4, 7, 4]
[EXPAND] z:23 [9, 9, 9, 8, 9, 6, 8, 1, 1, 4, 7, 3]
[EXPAND] z:23 [9, 9, 9, 8, 9, 6, 8, 1, 1, 4, 7, 1]
[EXPAND] z:23 [9, 9, 9, 8, 9, 6, 6, 9]
[EXPAND] z:612 [9, 9, 9, 8, 9, 6, 6, 9, 1]
[EXPAND] z:613 [9, 9, 9, 8, 9, 6, 6, 9, 2]
[EXPAND] z:614 [9, 9, 9, 8, 9, 6, 6, 9, 3]
[EXPAND] z:615 [9, 9, 9, 8, 9, 6, 6, 9, 4]
[EXPAND] z:616 [9, 9, 9, 8, 9, 6, 6, 9, 5]
[EXPAND] z:617 [9, 9, 9, 8, 9, 6, 6, 9, 6]
[EXPAND] z:618 [9, 9, 9, 8, 9, 6, 6, 9, 7]
[EXPAND] z:619 [9, 9, 9, 8, 9, 6, 6, 9, 8]
[EXPAND] z:620 [9, 9, 9, 8, 9, 6, 6, 9, 9]
[EXPAND] z:23 [9, 9, 9, 8, 9, 6, 6, 9, 6, 9]
[EXPAND] z:599 [9, 9, 9, 8, 9, 6, 6, 9, 6, 9, 1]
[EXPAND] z:600 [9, 9, 9, 8, 9, 6, 6, 9, 6, 9, 2]
[EXPAND] z:601 [9, 9, 9, 8, 9, 6, 6, 9, 6, 9, 3]
[EXPAND] z:602 [9, 9, 9, 8, 9, 6, 6, 9, 6, 9, 4]
[EXPAND] z:603 [9, 9, 9, 8, 9, 6, 6, 9, 6, 9, 5]
[EXPAND] z:604 [9, 9, 9, 8, 9, 6, 6, 9, 6, 9, 6]
[EXPAND] z:605 [9, 9, 9, 8, 9, 6, 6, 9, 6, 9, 7]
[EXPAND] z:606 [9, 9, 9, 8, 9, 6, 6, 9, 6, 9, 8]
[EXPAND] z:607 [9, 9, 9, 8, 9, 6, 6, 9, 6, 9, 9]
[EXPAND] z:23 [9, 9, 9, 8, 9, 6, 6, 9, 6, 9, 9, 4]
[EXPAND] z:23 [9, 9, 9, 8, 9, 6, 6, 9, 6, 9, 8, 3]
[EXPAND] z:23 [9, 9, 9, 8, 9, 6, 6, 9, 6, 9, 7, 2]
[EXPAND] z:23 [9, 9, 9, 8, 9, 6, 6, 9, 6, 9, 6, 1]
[EXPAND] z:23 [9, 9, 9, 8, 9, 6, 6, 9, 5, 8]
[EXPAND] z:599 [9, 9, 9, 8, 9, 6, 6, 9, 5, 8, 1]
[EXPAND] z:600 [9, 9, 9, 8, 9, 6, 6, 9, 5, 8, 2]
[EXPAND] z:601 [9, 9, 9, 8, 9, 6, 6, 9, 5, 8, 3]
[EXPAND] z:602 [9, 9, 9, 8, 9, 6, 6, 9, 5, 8, 4]
[EXPAND] z:603 [9, 9, 9, 8, 9, 6, 6, 9, 5, 8, 5]
[EXPAND] z:604 [9, 9, 9, 8, 9, 6, 6, 9, 5, 8, 6]
[EXPAND] z:605 [9, 9, 9, 8, 9, 6, 6, 9, 5, 8, 7]
[EXPAND] z:606 [9, 9, 9, 8, 9, 6, 6, 9, 5, 8, 8]
[EXPAND] z:607 [9, 9, 9, 8, 9, 6, 6, 9, 5, 8, 9]
[EXPAND] z:23 [9, 9, 9, 8, 9, 6, 6, 9, 5, 8, 9, 4]
[EXPAND] z:23 [9, 9, 9, 8, 9, 6, 6, 9, 5, 8, 8, 3]
[EXPAND] z:23 [9, 9, 9, 8, 9, 6, 6, 9, 5, 8, 7, 2]
[EXPAND] z:23 [9, 9, 9, 8, 9, 6, 6, 9, 5, 8, 6, 1]
[EXPAND] z:23 [9, 9, 9, 8, 9, 6, 6, 9, 4, 7]
[EXPAND] z:599 [9, 9, 9, 8, 9, 6, 6, 9, 4, 7, 1]
[EXPAND] z:600 [9, 9, 9, 8, 9, 6, 6, 9, 4, 7, 2]
[EXPAND] z:601 [9, 9, 9, 8, 9, 6, 6, 9, 4, 7, 3]
[EXPAND] z:602 [9, 9, 9, 8, 9, 6, 6, 9, 4, 7, 4]
[EXPAND] z:603 [9, 9, 9, 8, 9, 6, 6, 9, 4, 7, 5]
[EXPAND] z:604 [9, 9, 9, 8, 9, 6, 6, 9, 4, 7, 6]
[EXPAND] z:605 [9, 9, 9, 8, 9, 6, 6, 9, 4, 7, 7]
[EXPAND] z:606 [9, 9, 9, 8, 9, 6, 6, 9, 4, 7, 8]
[EXPAND] z:607 [9, 9, 9, 8, 9, 6, 6, 9, 4, 7, 9]
[EXPAND] z:23 [9, 9, 9, 8, 9, 6, 6, 9, 4, 7, 9, 4]
[EXPAND] z:23 [9, 9, 9, 8, 9, 6, 6, 9, 4, 7, 8, 3]
[EXPAND] z:23 [9, 9, 9, 8, 9, 6, 6, 9, 4, 7, 7, 2]
[EXPAND] z:23 [9, 9, 9, 8, 9, 6, 6, 9, 4, 7, 6, 1]
[EXPAND] z:23 [9, 9, 9, 8, 9, 6, 6, 9, 3, 6]
[EXPAND] z:599 [9, 9, 9, 8, 9, 6, 6, 9, 3, 6, 1]
[EXPAND] z:600 [9, 9, 9, 8, 9, 6, 6, 9, 3, 6, 2]
[EXPAND] z:601 [9, 9, 9, 8, 9, 6, 6, 9, 3, 6, 3]
[EXPAND] z:602 [9, 9, 9, 8, 9, 6, 6, 9, 3, 6, 4]
[EXPAND] z:603 [9, 9, 9, 8, 9, 6, 6, 9, 3, 6, 5]
[EXPAND] z:604 [9, 9, 9, 8, 9, 6, 6, 9, 3, 6, 6]
[EXPAND] z:605 [9, 9, 9, 8, 9, 6, 6, 9, 3, 6, 7]
[EXPAND] z:606 [9, 9, 9, 8, 9, 6, 6, 9, 3, 6, 8]
[EXPAND] z:607 [9, 9, 9, 8, 9, 6, 6, 9, 3, 6, 9]
[EXPAND] z:23 [9, 9, 9, 8, 9, 6, 6, 9, 3, 6, 9, 4]
[EXPAND] z:23 [9, 9, 9, 8, 9, 6, 6, 9, 3, 6, 8, 3]
[EXPAND] z:23 [9, 9, 9, 8, 9, 6, 6, 9, 3, 6, 7, 2]
[EXPAND] z:23 [9, 9, 9, 8, 9, 6, 6, 9, 3, 6, 6, 1]
[EXPAND] z:23 [9, 9, 9, 8, 9, 6, 6, 9, 2, 5]
[EXPAND] z:599 [9, 9, 9, 8, 9, 6, 6, 9, 2, 5, 1]
[EXPAND] z:600 [9, 9, 9, 8, 9, 6, 6, 9, 2, 5, 2]
[EXPAND] z:601 [9, 9, 9, 8, 9, 6, 6, 9, 2, 5, 3]
[EXPAND] z:602 [9, 9, 9, 8, 9, 6, 6, 9, 2, 5, 4]
[EXPAND] z:603 [9, 9, 9, 8, 9, 6, 6, 9, 2, 5, 5]
[EXPAND] z:604 [9, 9, 9, 8, 9, 6, 6, 9, 2, 5, 6]
[EXPAND] z:605 [9, 9, 9, 8, 9, 6, 6, 9, 2, 5, 7]
[EXPAND] z:606 [9, 9, 9, 8, 9, 6, 6, 9, 2, 5, 8]
[EXPAND] z:607 [9, 9, 9, 8, 9, 6, 6, 9, 2, 5, 9]
[EXPAND] z:23 [9, 9, 9, 8, 9, 6, 6, 9, 2, 5, 9, 4]
[EXPAND] z:23 [9, 9, 9, 8, 9, 6, 6, 9, 2, 5, 8, 3]
[EXPAND] z:23 [9, 9, 9, 8, 9, 6, 6, 9, 2, 5, 7, 2]
[EXPAND] z:23 [9, 9, 9, 8, 9, 6, 6, 9, 2, 5, 6, 1]
[EXPAND] z:23 [9, 9, 9, 8, 9, 6, 6, 9, 1, 4]
[EXPAND] z:599 [9, 9, 9, 8, 9, 6, 6, 9, 1, 4, 1]
[EXPAND] z:600 [9, 9, 9, 8, 9, 6, 6, 9, 1, 4, 2]
[EXPAND] z:601 [9, 9, 9, 8, 9, 6, 6, 9, 1, 4, 3]
[EXPAND] z:602 [9, 9, 9, 8, 9, 6, 6, 9, 1, 4, 4]
[EXPAND] z:603 [9, 9, 9, 8, 9, 6, 6, 9, 1, 4, 5]
[EXPAND] z:604 [9, 9, 9, 8, 9, 6, 6, 9, 1, 4, 6]
[EXPAND] z:605 [9, 9, 9, 8, 9, 6, 6, 9, 1, 4, 7]
[EXPAND] z:606 [9, 9, 9, 8, 9, 6, 6, 9, 1, 4, 8]
[EXPAND] z:607 [9, 9, 9, 8, 9, 6, 6, 9, 1, 4, 9]
[EXPAND] z:23 [9, 9, 9, 8, 9, 6, 6, 9, 1, 4, 9, 4]
[EXPAND] z:23 [9, 9, 9, 8, 9, 6, 6, 9, 1, 4, 8, 3]
[EXPAND] z:23 [9, 9, 9, 8, 9, 6, 6, 9, 1, 4, 7, 2]
[EXPAND] z:23 [9, 9, 9, 8, 9, 6, 6, 9, 1, 4, 6, 1]
[EXPAND] z:23 [9, 9, 9, 8, 9, 6, 6, 8]
[EXPAND] z:612 [9, 9, 9, 8, 9, 6, 6, 8, 1]
[EXPAND] z:613 [9, 9, 9, 8, 9, 6, 6, 8, 2]
[EXPAND] z:614 [9, 9, 9, 8, 9, 6, 6, 8, 3]
[EXPAND] z:615 [9, 9, 9, 8, 9, 6, 6, 8, 4]
[EXPAND] z:616 [9, 9, 9, 8, 9, 6, 6, 8, 5]
[EXPAND] z:617 [9, 9, 9, 8, 9, 6, 6, 8, 6]
[EXPAND] z:618 [9, 9, 9, 8, 9, 6, 6, 8, 7]
[EXPAND] z:619 [9, 9, 9, 8, 9, 6, 6, 8, 8]
[EXPAND] z:620 [9, 9, 9, 8, 9, 6, 6, 8, 9]
[EXPAND] z:23 [9, 9, 9, 8, 9, 6, 6, 8, 6, 9]
[EXPAND] z:599 [9, 9, 9, 8, 9, 6, 6, 8, 6, 9, 1]
[EXPAND] z:600 [9, 9, 9, 8, 9, 6, 6, 8, 6, 9, 2]
[EXPAND] z:601 [9, 9, 9, 8, 9, 6, 6, 8, 6, 9, 3]
[EXPAND] z:602 [9, 9, 9, 8, 9, 6, 6, 8, 6, 9, 4]
[EXPAND] z:603 [9, 9, 9, 8, 9, 6, 6, 8, 6, 9, 5]
[EXPAND] z:604 [9, 9, 9, 8, 9, 6, 6, 8, 6, 9, 6]
[EXPAND] z:605 [9, 9, 9, 8, 9, 6, 6, 8, 6, 9, 7]
[EXPAND] z:606 [9, 9, 9, 8, 9, 6, 6, 8, 6, 9, 8]
[EXPAND] z:607 [9, 9, 9, 8, 9, 6, 6, 8, 6, 9, 9]
[EXPAND] z:23 [9, 9, 9, 8, 9, 6, 6, 8, 6, 9, 9, 4]
[EXPAND] z:23 [9, 9, 9, 8, 9, 6, 6, 8, 6, 9, 8, 3]
[EXPAND] z:23 [9, 9, 9, 8, 9, 6, 6, 8, 6, 9, 7, 2]
[EXPAND] z:23 [9, 9, 9, 8, 9, 6, 6, 8, 6, 9, 6, 1]
[EXPAND] z:23 [9, 9, 9, 8, 9, 6, 6, 8, 5, 8]
[EXPAND] z:599 [9, 9, 9, 8, 9, 6, 6, 8, 5, 8, 1]
[EXPAND] z:600 [9, 9, 9, 8, 9, 6, 6, 8, 5, 8, 2]
[EXPAND] z:601 [9, 9, 9, 8, 9, 6, 6, 8, 5, 8, 3]
[EXPAND] z:602 [9, 9, 9, 8, 9, 6, 6, 8, 5, 8, 4]
[EXPAND] z:603 [9, 9, 9, 8, 9, 6, 6, 8, 5, 8, 5]
[EXPAND] z:604 [9, 9, 9, 8, 9, 6, 6, 8, 5, 8, 6]
[EXPAND] z:605 [9, 9, 9, 8, 9, 6, 6, 8, 5, 8, 7]
[EXPAND] z:606 [9, 9, 9, 8, 9, 6, 6, 8, 5, 8, 8]
[EXPAND] z:607 [9, 9, 9, 8, 9, 6, 6, 8, 5, 8, 9]
[EXPAND] z:23 [9, 9, 9, 8, 9, 6, 6, 8, 5, 8, 9, 4]
[EXPAND] z:23 [9, 9, 9, 8, 9, 6, 6, 8, 5, 8, 8, 3]
[EXPAND] z:23 [9, 9, 9, 8, 9, 6, 6, 8, 5, 8, 7, 2]
[EXPAND] z:23 [9, 9, 9, 8, 9, 6, 6, 8, 5, 8, 6, 1]
